$ 1 2e-08 3.125 39 12 50 5e-11
34 near-ideal 0 1e-9 0 0.05 0 0
v 80 336 80 176 16 0 40 12 0 0 0.5
g 80 336 80 352 0
l 80 176 208 176 2 0.0001 2.1 2.1 0
w 208 176 256 176 0
159 256 336 256 176 0 0.001 1000000 2.5
g 256 336 256 352 0
v 304 336 304 256 0 2 100000 2.5 2.5 0 0.5
g 304 336 304 352 0
w 304 256 272 256 0
d 208 336 208 176 2 near-ideal
g 208 336 208 352 0
207 208 176 208 128 0 sw
d 256 176 384 176 2 near-ideal
c 384 176 384 336 0 1e-05 24 24
g 384 336 384 352 0
w 384 176 464 176 0
r 464 176 464 336 0 20
g 464 336 464 352 0
207 464 176 512 176 0 vout
o 2 8 0 8705 1 1 0
o 11 8 0 8706 1 1 1
o 16 8 0 8706 1 1 2
