$ 1 2e-08 3.125 39 24 50 5e-11
34 near-ideal 0 1e-9 0 0.05 0 0
v 80 336 80 176 16 0 40 24 0 0 0.5
g 80 336 80 352 0
w 80 176 176 176 0
159 176 176 240 176 0 0.001 1000000 2.5
w 240 176 240 128 0
d 240 128 176 128 2 near-ideal
w 176 128 176 176 0
v 208 272 208 192 0 2 100000 2.5 2.5 0 0.5
g 208 272 208 288 0
w 240 176 288 176 0
d 288 336 288 176 2 near-ideal
g 288 336 288 352 0
l 288 176 384 176 2 0.0001 0.9 0.9 0
207 288 176 288 128 0 sw
c 384 176 384 336 0 1e-05 12 12
g 384 336 384 352 0
w 384 176 464 176 0
r 464 176 464 336 0 10
g 464 336 464 352 0
207 464 176 512 176 0 vout
o 12 8 0 8705 1 1 0
o 13 8 0 8706 1 1 1
o 17 8 0 8706 1 1 2
