$ 1 2e-08 3.125 39 48 50 5e-11
34 near-ideal 0 1e-9 0 0.05 0 0
v 80 336 80 176 16 0 40 48 0 0 0.5
g 80 336 80 352 0
w 80 176 352 176 0
T 352 176 416 240 6 5e-05 0.25 0 0 0.99999
159 352 240 352 368 0 0.001 1000000 2.5
g 352 368 352 384 0
v 304 368 304 304 0 2 100000 2.5 2.5 0 0.3
g 304 368 304 384 0
w 304 304 336 304 0
d 192 368 192 240 2 near-ideal
g 192 368 192 384 0
w 192 240 352 240 0
207 192 240 144 240 0 drain
g 416 240 432 240 0
d 416 176 512 176 2 near-ideal
c 512 176 512 336 0 0.0001 20.3647 20.3647
g 512 336 512 352 0
w 512 176 592 176 0
r 592 176 592 336 0 20
g 592 336 592 352 0
207 592 176 640 176 0 vout
o 4 8 0 8705 1 1 0
o 12 8 0 8706 1 1 1
o 18 8 0 8706 1 1 2
