$ 1 2e-08 3.125 37 48 50 5e-11
34 near-ideal 0 1e-9 0 0.05 0 0
v 80 336 80 176 16 0 40 48 0 0 0.5
g 80 336 80 352 0
207 80 176 80 128 0 vin
w 80 176 352 176 0
406 352 176 416 176 2 0.001 0.99999 1:0.5,1 3 0 0 0
159 352 256 352 384 0 0.001 1000000 2.5
g 352 384 352 400 0
v 304 384 304 320 0 2 100000 2.5 2.5 0 0.4
g 304 384 304 400 0
w 304 320 336 320 0
d 192 384 192 256 2 near-ideal
g 192 384 192 400 0
w 192 256 352 256 0
207 192 256 144 256 0 drain
g 416 208 432 208 0
g 416 224 432 224 0
d 416 256 416 320 2 near-ideal
207 416 320 416 368 0 vin
d 416 176 512 176 2 near-ideal
d 512 336 512 176 2 near-ideal
g 512 336 512 352 0
l 512 176 608 176 2 0.0001 1.632 1.632 0
c 608 176 608 336 0 0.0001 9.6 9.6
g 608 336 608 352 0
w 608 176 688 176 0
r 688 176 688 336 0 5
g 688 336 688 352 0
207 688 176 736 176 0 vout
o 21 8 0 8705 1 1 0
o 13 8 0 8706 1 1 1
o 25 8 0 8706 1 1 2
